// 1000000000 < primes < 2147483647
1002939109, 1020288887, 1028798297, 1038684299, 
1041211027, 1051762951, 1058585963, 1063020809, 
1094763083, 1106384353, 1120154459, 1140593173, 
1147930723, 1172520109, 1183835981, 1187659051, 
1241251303, 1247184097, 1255940849, 1272759031, 
1287027493, 1288511629, 1294632499, 1312650799, 
1314753281, 1320080669, 1321970357, 1333133947, 
1337684419, 1353508067, 1358715989, 1364961029, 
1366046831, 1376536367, 1381705499, 1410637769, 
1411311571, 1422795043, 1437499801, 1495803851, 
1511764363, 1526710979, 1538018089, 1542373769, 
1545326953, 1549429633, 1556212739, 1575971759, 
1586465261, 1608336427, 1609783001, 1620728569, 
1643267081, 1652401603, 1656717203, 1660920671, 
1666858577, 1669260361, 1670240317, 1678791131, 
1685583143, 1725964619, 1734856421, 1743134179, 
1761537223, 1774260193, 1778872889, 1781930609, 
1803000149, 1814256623, 1834876331, 1839154463, 
1840044389, 1843241713, 1856039431, 1868564531, 
1868732623, 1884198443, 1884616807, 1885059541, 
1909942399, 1914471137, 1923951707, 1925453197, 
1937719153, 1954649041, 1958915237, 1970709803, 
1979612177, 1980446837, 1989761941, 2007826547, 
2008033571, 2011186739, 2039465081, 2039728567, 
2093735719, 2116097521, 2123852629, 2140170259

// 2147483647 < primes < 4000000000

3148478261, 3153064147, 3176351071, 3187523093, 
3196772239, 3201312913, 3203063977, 3204840059, 
3210224309, 3213032591, 3217689851, 3218469083, 
3219857533, 3231880427, 3235951699, 3273767923, 
3276188869, 3277183181, 3282463507, 3285553889, 
3319309027, 3327005333, 3327574903, 3341387953, 
3373293941, 3380077549, 3380892997, 3381118801, 
3384716479, 3386991323